2-D P-to-P3-el Yagi @ 35 ft
  16.  20.   0.00   0.00   0.00000  14.20000
 1  0.00   0.000  0.000  0.000  0.000  0.000  0.000  0.000  0.000  0.000  0.000
           0.000  0.000  0.000  0.000  0.000  0.000  0.000  0.000  0.000  0.000
           0.000  0.000  0.000  0.000  0.000  0.000  0.000  0.000  0.000  0.000
           0.000  0.000  0.000  0.000  0.000  0.000  0.000  0.000  0.000  0.000
           0.000  0.000  0.000  0.000  0.000  0.000  0.000  0.000  0.000  0.000
           0.000  0.000  0.000  0.000  0.000  0.000  0.000  0.000  0.000  0.000
           0.000  0.000  0.000  0.000  0.000  0.000  0.000  0.000  0.000  0.000
           0.000  0.000  0.000  0.000  0.000  0.000  0.000  0.000  0.000  0.000
           0.000  0.000  0.000  0.000  0.000  0.000  0.000  0.000  0.000  0.000
           0.000
 2  0.00   0.000  0.000  0.000  0.000  0.000  0.000  0.000  0.000  0.000  0.000
           0.000  0.000  0.000  0.000  0.000  0.000  0.000  0.000  0.000  0.000
           0.000  0.000  0.000  0.000  0.000  0.000  0.000  0.000  0.000  0.000
           0.000  0.000  0.000  0.000  0.000  0.000  0.000  0.000  0.000  0.000
           0.000  0.000  0.000  0.000  0.000  0.000  0.000  0.000  0.000  0.000
           0.000  0.000  0.000  0.000  0.000  0.000  0.000  0.000  0.000  0.000
           0.000  0.000  0.000  0.000  0.000  0.000  0.000  0.000  0.000  0.000
           0.000  0.000  0.000  0.000  0.000  0.000  0.000  0.000  0.000  0.000
           0.000  0.000  0.000  0.000  0.000  0.000  0.000  0.000  0.000  0.000
           0.000
 3  0.00   0.000  0.000  0.000  0.000  0.000  0.000  0.000  0.000  0.000  0.000
           0.000  0.000  0.000  0.000  0.000  0.000  0.000  0.000  0.000  0.000
           0.000  0.000  0.000  0.000  0.000  0.000  0.000  0.000  0.000  0.000
           0.000  0.000  0.000  0.000  0.000  0.000  0.000  0.000  0.000  0.000
           0.000  0.000  0.000  0.000  0.000  0.000  0.000  0.000  0.000  0.000
           0.000  0.000  0.000  0.000  0.000  0.000  0.000  0.000  0.000  0.000
           0.000  0.000  0.000  0.000  0.000  0.000  0.000  0.000  0.000  0.000
           0.000  0.000  0.000  0.000  0.000  0.000  0.000  0.000  0.000  0.000
           0.000  0.000  0.000  0.000  0.000  0.000  0.000  0.000  0.000  0.000
           0.000
 4  0.00   0.000  0.000  0.000  0.000  0.000  0.000  0.000  0.000  0.000  0.000
           0.000  0.000  0.000  0.000  0.000  0.000  0.000  0.000  0.000  0.000
           0.000  0.000  0.000  0.000  0.000  0.000  0.000  0.000  0.000  0.000
           0.000  0.000  0.000  0.000  0.000  0.000  0.000  0.000  0.000  0.000
           0.000  0.000  0.000  0.000  0.000  0.000  0.000  0.000  0.000  0.000
           0.000  0.000  0.000  0.000  0.000  0.000  0.000  0.000  0.000  0.000
           0.000  0.000  0.000  0.000  0.000  0.000  0.000  0.000  0.000  0.000
           0.000  0.000  0.000  0.000  0.000  0.000  0.000  0.000  0.000  0.000
           0.000  0.000  0.000  0.000  0.000  0.000  0.000  0.000  0.000  0.000
           0.000
 5  0.00   0.000  0.000  0.000  0.000  0.000  0.000  0.000  0.000  0.000  0.000
           0.000  0.000  0.000  0.000  0.000  0.000  0.000  0.000  0.000  0.000
           0.000  0.000  0.000  0.000  0.000  0.000  0.000  0.000  0.000  0.000
           0.000  0.000  0.000  0.000  0.000  0.000  0.000  0.000  0.000  0.000
           0.000  0.000  0.000  0.000  0.000  0.000  0.000  0.000  0.000  0.000
           0.000  0.000  0.000  0.000  0.000  0.000  0.000  0.000  0.000  0.000
           0.000  0.000  0.000  0.000  0.000  0.000  0.000  0.000  0.000  0.000
           0.000  0.000  0.000  0.000  0.000  0.000  0.000  0.000  0.000  0.000
           0.000  0.000  0.000  0.000  0.000  0.000  0.000  0.000  0.000  0.000
           0.000
 6  0.00   0.000  0.000  0.000  0.000  0.000  0.000  0.000  0.000  0.000  0.000
           0.000  0.000  0.000  0.000  0.000  0.000  0.000  0.000  0.000  0.000
           0.000  0.000  0.000  0.000  0.000  0.000  0.000  0.000  0.000  0.000
           0.000  0.000  0.000  0.000  0.000  0.000  0.000  0.000  0.000  0.000
           0.000  0.000  0.000  0.000  0.000  0.000  0.000  0.000  0.000  0.000
           0.000  0.000  0.000  0.000  0.000  0.000  0.000  0.000  0.000  0.000
           0.000  0.000  0.000  0.000  0.000  0.000  0.000  0.000  0.000  0.000
           0.000  0.000  0.000  0.000  0.000  0.000  0.000  0.000  0.000  0.000
           0.000  0.000  0.000  0.000  0.000  0.000  0.000  0.000  0.000  0.000
           0.000
 7  0.00   0.000  0.000  0.000  0.000  0.000  0.000  0.000  0.000  0.000  0.000
           0.000  0.000  0.000  0.000  0.000  0.000  0.000  0.000  0.000  0.000
           0.000  0.000  0.000  0.000  0.000  0.000  0.000  0.000  0.000  0.000
           0.000  0.000  0.000  0.000  0.000  0.000  0.000  0.000  0.000  0.000
           0.000  0.000  0.000  0.000  0.000  0.000  0.000  0.000  0.000  0.000
           0.000  0.000  0.000  0.000  0.000  0.000  0.000  0.000  0.000  0.000
           0.000  0.000  0.000  0.000  0.000  0.000  0.000  0.000  0.000  0.000
           0.000  0.000  0.000  0.000  0.000  0.000  0.000  0.000  0.000  0.000
           0.000  0.000  0.000  0.000  0.000  0.000  0.000  0.000  0.000  0.000
           0.000
 8  0.00   0.000  0.000  0.000  0.000  0.000  0.000  0.000  0.000  0.000  0.000
           0.000  0.000  0.000  0.000  0.000  0.000  0.000  0.000  0.000  0.000
           0.000  0.000  0.000  0.000  0.000  0.000  0.000  0.000  0.000  0.000
           0.000  0.000  0.000  0.000  0.000  0.000  0.000  0.000  0.000  0.000
           0.000  0.000  0.000  0.000  0.000  0.000  0.000  0.000  0.000  0.000
           0.000  0.000  0.000  0.000  0.000  0.000  0.000  0.000  0.000  0.000
           0.000  0.000  0.000  0.000  0.000  0.000  0.000  0.000  0.000  0.000
           0.000  0.000  0.000  0.000  0.000  0.000  0.000  0.000  0.000  0.000
           0.000  0.000  0.000  0.000  0.000  0.000  0.000  0.000  0.000  0.000
           0.000
 9  0.00   0.000  0.000  0.000  0.000  0.000  0.000  0.000  0.000  0.000  0.000
           0.000  0.000  0.000  0.000  0.000  0.000  0.000  0.000  0.000  0.000
           0.000  0.000  0.000  0.000  0.000  0.000  0.000  0.000  0.000  0.000
           0.000  0.000  0.000  0.000  0.000  0.000  0.000  0.000  0.000  0.000
           0.000  0.000  0.000  0.000  0.000  0.000  0.000  0.000  0.000  0.000
           0.000  0.000  0.000  0.000  0.000  0.000  0.000  0.000  0.000  0.000
           0.000  0.000  0.000  0.000  0.000  0.000  0.000  0.000  0.000  0.000
           0.000  0.000  0.000  0.000  0.000  0.000  0.000  0.000  0.000  0.000
           0.000  0.000  0.000  0.000  0.000  0.000  0.000  0.000  0.000  0.000
           0.000
10  0.00   0.000  0.000  0.000  0.000  0.000  0.000  0.000  0.000  0.000  0.000
           0.000  0.000  0.000  0.000  0.000  0.000  0.000  0.000  0.000  0.000
           0.000  0.000  0.000  0.000  0.000  0.000  0.000  0.000  0.000  0.000
           0.000  0.000  0.000  0.000  0.000  0.000  0.000  0.000  0.000  0.000
           0.000  0.000  0.000  0.000  0.000  0.000  0.000  0.000  0.000  0.000
           0.000  0.000  0.000  0.000  0.000  0.000  0.000  0.000  0.000  0.000
           0.000  0.000  0.000  0.000  0.000  0.000  0.000  0.000  0.000  0.000
           0.000  0.000  0.000  0.000  0.000  0.000  0.000  0.000  0.000  0.000
           0.000  0.000  0.000  0.000  0.000  0.000  0.000  0.000  0.000  0.000
           0.000
11  0.00   0.000  0.000  0.000  0.000  0.000  0.000  0.000  0.000  0.000  0.000
           0.000  0.000  0.000  0.000  0.000  0.000  0.000  0.000  0.000  0.000
           0.000  0.000  0.000  0.000  0.000  0.000  0.000  0.000  0.000  0.000
           0.000  0.000  0.000  0.000  0.000  0.000  0.000  0.000  0.000  0.000
           0.000  0.000  0.000  0.000  0.000  0.000  0.000  0.000  0.000  0.000
           0.000  0.000  0.000  0.000  0.000  0.000  0.000  0.000  0.000  0.000
           0.000  0.000  0.000  0.000  0.000  0.000  0.000  0.000  0.000  0.000
           0.000  0.000  0.000  0.000  0.000  0.000  0.000  0.000  0.000  0.000
           0.000  0.000  0.000  0.000  0.000  0.000  0.000  0.000  0.000  0.000
           0.000
12  0.00   0.000  0.000  0.000  0.000  0.000  0.000  0.000  0.000  0.000  0.000
           0.000  0.000  0.000  0.000  0.000  0.000  0.000  0.000  0.000  0.000
           0.000  0.000  0.000  0.000  0.000  0.000  0.000  0.000  0.000  0.000
           0.000  0.000  0.000  0.000  0.000  0.000  0.000  0.000  0.000  0.000
           0.000  0.000  0.000  0.000  0.000  0.000  0.000  0.000  0.000  0.000
           0.000  0.000  0.000  0.000  0.000  0.000  0.000  0.000  0.000  0.000
           0.000  0.000  0.000  0.000  0.000  0.000  0.000  0.000  0.000  0.000
           0.000  0.000  0.000  0.000  0.000  0.000  0.000  0.000  0.000  0.000
           0.000  0.000  0.000  0.000  0.000  0.000  0.000  0.000  0.000  0.000
           0.000
13  0.00   0.000  0.000  0.000  0.000  0.000  0.000  0.000  0.000  0.000  0.000
           0.000  0.000  0.000  0.000  0.000  0.000  0.000  0.000  0.000  0.000
           0.000  0.000  0.000  0.000  0.000  0.000  0.000  0.000  0.000  0.000
           0.000  0.000  0.000  0.000  0.000  0.000  0.000  0.000  0.000  0.000
           0.000  0.000  0.000  0.000  0.000  0.000  0.000  0.000  0.000  0.000
           0.000  0.000  0.000  0.000  0.000  0.000  0.000  0.000  0.000  0.000
           0.000  0.000  0.000  0.000  0.000  0.000  0.000  0.000  0.000  0.000
           0.000  0.000  0.000  0.000  0.000  0.000  0.000  0.000  0.000  0.000
           0.000  0.000  0.000  0.000  0.000  0.000  0.000  0.000  0.000  0.000
           0.000
14  0.00   0.000  0.000  0.000  0.000  0.000  0.000  0.000  0.000  0.000  0.000
           0.000  0.000  0.000  0.000  0.000  0.000  0.000  0.000  0.000  0.000
           0.000  0.000  0.000  0.000  0.000  0.000  0.000  0.000  0.000  0.000
           0.000  0.000  0.000  0.000  0.000  0.000  0.000  0.000  0.000  0.000
           0.000  0.000  0.000  0.000  0.000  0.000  0.000  0.000  0.000  0.000
           0.000  0.000  0.000  0.000  0.000  0.000  0.000  0.000  0.000  0.000
           0.000  0.000  0.000  0.000  0.000  0.000  0.000  0.000  0.000  0.000
           0.000  0.000  0.000  0.000  0.000  0.000  0.000  0.000  0.000  0.000
           0.000  0.000  0.000  0.000  0.000  0.000  0.000  0.000  0.000  0.000
           0.000
15  0.00   0.000  0.000  0.000  0.000  0.000  0.000  0.000  0.000  0.000  0.000
           0.000  0.000  0.000  0.000  0.000  0.000  0.000  0.000  0.000  0.000
           0.000  0.000  0.000  0.000  0.000  0.000  0.000  0.000  0.000  0.000
           0.000  0.000  0.000  0.000  0.000  0.000  0.000  0.000  0.000  0.000
           0.000  0.000  0.000  0.000  0.000  0.000  0.000  0.000  0.000  0.000
           0.000  0.000  0.000  0.000  0.000  0.000  0.000  0.000  0.000  0.000
           0.000  0.000  0.000  0.000  0.000  0.000  0.000  0.000  0.000  0.000
           0.000  0.000  0.000  0.000  0.000  0.000  0.000  0.000  0.000  0.000
           0.000  0.000  0.000  0.000  0.000  0.000  0.000  0.000  0.000  0.000
           0.000
16  0.00 -30.000-12.485 -6.525 -3.078 -0.668  1.167  2.633  3.839  4.852  5.714
           6.453  7.091  7.641  8.116  8.525  8.874  9.170  9.417  9.618  9.777
           9.896  9.977 10.023 10.035 10.014  9.961  9.877  9.763  9.619  9.446
           9.245  9.014  8.755  8.467  8.150  7.804  7.429  7.023  6.586  6.118
           5.618  5.084  4.515  3.910  3.268  2.588  1.868  1.108  0.308 -0.531
          -1.403 -2.302 -3.211 -4.109 -4.959 -5.713 -6.319 -6.727 -6.914 -6.890
          -6.694 -6.379 -5.996 -5.586 -5.177 -4.785 -4.422 -4.093 -3.799 -3.542
          -3.320 -3.132 -2.977 -2.853 -2.758 -2.690 -2.650 -2.634 -2.641 -2.672
          -2.724 -2.797 -2.890 -3.002 -3.133 -3.283 -3.450 -3.635 -3.838 -4.058
          -4.296
17  0.00 -30.000-11.808 -5.850 -2.407 -0.003  1.825  3.282  4.478  5.479  6.328
           7.052  7.672  8.204  8.659  9.045  9.370  9.640  9.858 10.029 10.155
          10.239 10.283 10.289 10.258 10.191 10.089  9.953  9.783  9.579  9.342
           9.071  8.766  8.426  8.052  7.642  7.195  6.710  6.185  5.619  5.009
           4.352  3.648  2.891  2.081  1.214  0.290 -0.690 -1.718 -2.778 -3.834
          -4.829 -5.674 -6.266 -6.525 -6.442 -6.086 -5.557 -4.949 -4.327 -3.727
          -3.170 -2.663 -2.209 -1.807 -1.454 -1.147 -0.882 -0.657 -0.467 -0.312
          -0.187 -0.091 -0.021  0.023  0.044  0.044  0.022 -0.019 -0.079 -0.156
          -0.250 -0.361 -0.487 -0.628 -0.784 -0.954 -1.139 -1.337 -1.549 -1.775
          -2.014
18  0.00 -30.000-11.113 -5.158 -1.719  0.679  2.499  3.947  5.132  6.121  6.955
           7.663  8.265  8.777  9.210  9.573  9.872 10.113 10.301 10.439 10.529
          10.575 10.578 10.540 10.461 10.343 10.185  9.990  9.755  9.482  9.169
           8.817  8.423  7.988  7.508  6.982  6.407  5.781  5.100  4.359  3.555
           2.682  1.735  0.710 -0.393 -1.566 -2.785 -3.994 -5.083 -5.887 -6.243
          -6.102 -5.569 -4.819 -3.997 -3.188 -2.435 -1.752 -1.143 -0.605 -0.133
           0.280  0.638  0.947  1.212  1.436  1.624  1.778  1.901  1.996  2.065
           2.110  2.132  2.133  2.115  2.078  2.024  1.954  1.869  1.769  1.655
           1.527  1.387  1.235  1.071  0.895  0.708  0.510  0.301  0.082 -0.148
          -0.389
19  0.00 -30.000-10.445 -4.492 -1.058  1.334  3.146  4.584  5.758  6.733  7.552
           8.243  8.826  9.317  9.726 10.063 10.335 10.546 10.700 10.802 10.854
          10.858 10.816 10.728 10.596 10.420 10.201  9.937  9.628  9.274  8.873
           8.423  7.923  7.368  6.755  6.081  5.340  4.525  3.630  2.647  1.567
           0.383 -0.902 -2.270 -3.658 -4.919 -5.803 -6.059 -5.656 -4.819 -3.812
          -2.800 -1.860 -1.016 -0.270  0.383  0.953  1.448  1.877  2.247  2.565
           2.836  3.065  3.255  3.411  3.535  3.630  3.699  3.743  3.765  3.766
           3.747  3.711  3.658  3.589  3.505  3.408  3.298  3.175  3.041  2.896
           2.741  2.575  2.401  2.217  2.024  1.823  1.613  1.395  1.169  0.935
           0.693
20  0.00 -30.000 -9.837 -3.887 -0.457  1.928  3.732  5.160  6.321  7.282  8.085
           8.758  9.321  9.789 10.173 10.483 10.725 10.903 11.022 11.085 11.095
          11.053 10.960 10.818 10.626 10.386 10.095  9.753  9.358  8.909  8.402
           7.833  7.199  6.494  5.711  4.840  3.873  2.797  1.599  0.268 -1.194
          -2.751 -4.279 -5.488 -5.972 -5.567 -4.560 -3.346 -2.154 -1.071 -0.118
           0.711  1.429  2.049  2.584  3.045  3.441  3.779  4.066  4.307  4.507
           4.669  4.798  4.897  4.967  5.011  5.032  5.032  5.011  4.971  4.915
           4.842  4.755  4.654  4.540  4.414  4.278  4.131  3.974  3.809  3.635
           3.454  3.265  3.068  2.866  2.657  2.442  2.221  1.994  1.761  1.524
           1.280
21  0.00   0.000  0.000  0.000  0.000  0.000  0.000  0.000  0.000  0.000  0.000
           0.000  0.000  0.000  0.000  0.000  0.000  0.000  0.000  0.000  0.000
           0.000  0.000  0.000  0.000  0.000  0.000  0.000  0.000  0.000  0.000
           0.000  0.000  0.000  0.000  0.000  0.000  0.000  0.000  0.000  0.000
           0.000  0.000  0.000  0.000  0.000  0.000  0.000  0.000  0.000  0.000
           0.000  0.000  0.000  0.000  0.000  0.000  0.000  0.000  0.000  0.000
           0.000  0.000  0.000  0.000  0.000  0.000  0.000  0.000  0.000  0.000
           0.000  0.000  0.000  0.000  0.000  0.000  0.000  0.000  0.000  0.000
           0.000  0.000  0.000  0.000  0.000  0.000  0.000  0.000  0.000  0.000
           0.000
22  0.00   0.000  0.000  0.000  0.000  0.000  0.000  0.000  0.000  0.000  0.000
           0.000  0.000  0.000  0.000  0.000  0.000  0.000  0.000  0.000  0.000
           0.000  0.000  0.000  0.000  0.000  0.000  0.000  0.000  0.000  0.000
           0.000  0.000  0.000  0.000  0.000  0.000  0.000  0.000  0.000  0.000
           0.000  0.000  0.000  0.000  0.000  0.000  0.000  0.000  0.000  0.000
           0.000  0.000  0.000  0.000  0.000  0.000  0.000  0.000  0.000  0.000
           0.000  0.000  0.000  0.000  0.000  0.000  0.000  0.000  0.000  0.000
           0.000  0.000  0.000  0.000  0.000  0.000  0.000  0.000  0.000  0.000
           0.000  0.000  0.000  0.000  0.000  0.000  0.000  0.000  0.000  0.000
           0.000
23  0.00   0.000  0.000  0.000  0.000  0.000  0.000  0.000  0.000  0.000  0.000
           0.000  0.000  0.000  0.000  0.000  0.000  0.000  0.000  0.000  0.000
           0.000  0.000  0.000  0.000  0.000  0.000  0.000  0.000  0.000  0.000
           0.000  0.000  0.000  0.000  0.000  0.000  0.000  0.000  0.000  0.000
           0.000  0.000  0.000  0.000  0.000  0.000  0.000  0.000  0.000  0.000
           0.000  0.000  0.000  0.000  0.000  0.000  0.000  0.000  0.000  0.000
           0.000  0.000  0.000  0.000  0.000  0.000  0.000  0.000  0.000  0.000
           0.000  0.000  0.000  0.000  0.000  0.000  0.000  0.000  0.000  0.000
           0.000  0.000  0.000  0.000  0.000  0.000  0.000  0.000  0.000  0.000
           0.000
24  0.00   0.000  0.000  0.000  0.000  0.000  0.000  0.000  0.000  0.000  0.000
           0.000  0.000  0.000  0.000  0.000  0.000  0.000  0.000  0.000  0.000
           0.000  0.000  0.000  0.000  0.000  0.000  0.000  0.000  0.000  0.000
           0.000  0.000  0.000  0.000  0.000  0.000  0.000  0.000  0.000  0.000
           0.000  0.000  0.000  0.000  0.000  0.000  0.000  0.000  0.000  0.000
           0.000  0.000  0.000  0.000  0.000  0.000  0.000  0.000  0.000  0.000
           0.000  0.000  0.000  0.000  0.000  0.000  0.000  0.000  0.000  0.000
           0.000  0.000  0.000  0.000  0.000  0.000  0.000  0.000  0.000  0.000
           0.000  0.000  0.000  0.000  0.000  0.000  0.000  0.000  0.000  0.000
           0.000
25  0.00   0.000  0.000  0.000  0.000  0.000  0.000  0.000  0.000  0.000  0.000
           0.000  0.000  0.000  0.000  0.000  0.000  0.000  0.000  0.000  0.000
           0.000  0.000  0.000  0.000  0.000  0.000  0.000  0.000  0.000  0.000
           0.000  0.000  0.000  0.000  0.000  0.000  0.000  0.000  0.000  0.000
           0.000  0.000  0.000  0.000  0.000  0.000  0.000  0.000  0.000  0.000
           0.000  0.000  0.000  0.000  0.000  0.000  0.000  0.000  0.000  0.000
           0.000  0.000  0.000  0.000  0.000  0.000  0.000  0.000  0.000  0.000
           0.000  0.000  0.000  0.000  0.000  0.000  0.000  0.000  0.000  0.000
           0.000  0.000  0.000  0.000  0.000  0.000  0.000  0.000  0.000  0.000
           0.000
26  0.00   0.000  0.000  0.000  0.000  0.000  0.000  0.000  0.000  0.000  0.000
           0.000  0.000  0.000  0.000  0.000  0.000  0.000  0.000  0.000  0.000
           0.000  0.000  0.000  0.000  0.000  0.000  0.000  0.000  0.000  0.000
           0.000  0.000  0.000  0.000  0.000  0.000  0.000  0.000  0.000  0.000
           0.000  0.000  0.000  0.000  0.000  0.000  0.000  0.000  0.000  0.000
           0.000  0.000  0.000  0.000  0.000  0.000  0.000  0.000  0.000  0.000
           0.000  0.000  0.000  0.000  0.000  0.000  0.000  0.000  0.000  0.000
           0.000  0.000  0.000  0.000  0.000  0.000  0.000  0.000  0.000  0.000
           0.000  0.000  0.000  0.000  0.000  0.000  0.000  0.000  0.000  0.000
           0.000
27  0.00   0.000  0.000  0.000  0.000  0.000  0.000  0.000  0.000  0.000  0.000
           0.000  0.000  0.000  0.000  0.000  0.000  0.000  0.000  0.000  0.000
           0.000  0.000  0.000  0.000  0.000  0.000  0.000  0.000  0.000  0.000
           0.000  0.000  0.000  0.000  0.000  0.000  0.000  0.000  0.000  0.000
           0.000  0.000  0.000  0.000  0.000  0.000  0.000  0.000  0.000  0.000
           0.000  0.000  0.000  0.000  0.000  0.000  0.000  0.000  0.000  0.000
           0.000  0.000  0.000  0.000  0.000  0.000  0.000  0.000  0.000  0.000
           0.000  0.000  0.000  0.000  0.000  0.000  0.000  0.000  0.000  0.000
           0.000  0.000  0.000  0.000  0.000  0.000  0.000  0.000  0.000  0.000
           0.000
28  0.00   0.000  0.000  0.000  0.000  0.000  0.000  0.000  0.000  0.000  0.000
           0.000  0.000  0.000  0.000  0.000  0.000  0.000  0.000  0.000  0.000
           0.000  0.000  0.000  0.000  0.000  0.000  0.000  0.000  0.000  0.000
           0.000  0.000  0.000  0.000  0.000  0.000  0.000  0.000  0.000  0.000
           0.000  0.000  0.000  0.000  0.000  0.000  0.000  0.000  0.000  0.000
           0.000  0.000  0.000  0.000  0.000  0.000  0.000  0.000  0.000  0.000
           0.000  0.000  0.000  0.000  0.000  0.000  0.000  0.000  0.000  0.000
           0.000  0.000  0.000  0.000  0.000  0.000  0.000  0.000  0.000  0.000
           0.000  0.000  0.000  0.000  0.000  0.000  0.000  0.000  0.000  0.000
           0.000
29  0.00   0.000  0.000  0.000  0.000  0.000  0.000  0.000  0.000  0.000  0.000
           0.000  0.000  0.000  0.000  0.000  0.000  0.000  0.000  0.000  0.000
           0.000  0.000  0.000  0.000  0.000  0.000  0.000  0.000  0.000  0.000
           0.000  0.000  0.000  0.000  0.000  0.000  0.000  0.000  0.000  0.000
           0.000  0.000  0.000  0.000  0.000  0.000  0.000  0.000  0.000  0.000
           0.000  0.000  0.000  0.000  0.000  0.000  0.000  0.000  0.000  0.000
           0.000  0.000  0.000  0.000  0.000  0.000  0.000  0.000  0.000  0.000
           0.000  0.000  0.000  0.000  0.000  0.000  0.000  0.000  0.000  0.000
           0.000  0.000  0.000  0.000  0.000  0.000  0.000  0.000  0.000  0.000
           0.000
30  0.00   0.000  0.000  0.000  0.000  0.000  0.000  0.000  0.000  0.000  0.000
           0.000  0.000  0.000  0.000  0.000  0.000  0.000  0.000  0.000  0.000
           0.000  0.000  0.000  0.000  0.000  0.000  0.000  0.000  0.000  0.000
           0.000  0.000  0.000  0.000  0.000  0.000  0.000  0.000  0.000  0.000
           0.000  0.000  0.000  0.000  0.000  0.000  0.000  0.000  0.000  0.000
           0.000  0.000  0.000  0.000  0.000  0.000  0.000  0.000  0.000  0.000
           0.000  0.000  0.000  0.000  0.000  0.000  0.000  0.000  0.000  0.000
           0.000  0.000  0.000  0.000  0.000  0.000  0.000  0.000  0.000  0.000
           0.000  0.000  0.000  0.000  0.000  0.000  0.000  0.000  0.000  0.000
           0.000
