2-D P-to-P3-el Yagi @ 35 ft
  23.  26.   0.00   0.00   0.00000  14.20000
 1  0.00   0.000  0.000  0.000  0.000  0.000  0.000  0.000  0.000  0.000  0.000
           0.000  0.000  0.000  0.000  0.000  0.000  0.000  0.000  0.000  0.000
           0.000  0.000  0.000  0.000  0.000  0.000  0.000  0.000  0.000  0.000
           0.000  0.000  0.000  0.000  0.000  0.000  0.000  0.000  0.000  0.000
           0.000  0.000  0.000  0.000  0.000  0.000  0.000  0.000  0.000  0.000
           0.000  0.000  0.000  0.000  0.000  0.000  0.000  0.000  0.000  0.000
           0.000  0.000  0.000  0.000  0.000  0.000  0.000  0.000  0.000  0.000
           0.000  0.000  0.000  0.000  0.000  0.000  0.000  0.000  0.000  0.000
           0.000  0.000  0.000  0.000  0.000  0.000  0.000  0.000  0.000  0.000
           0.000
 2  0.00   0.000  0.000  0.000  0.000  0.000  0.000  0.000  0.000  0.000  0.000
           0.000  0.000  0.000  0.000  0.000  0.000  0.000  0.000  0.000  0.000
           0.000  0.000  0.000  0.000  0.000  0.000  0.000  0.000  0.000  0.000
           0.000  0.000  0.000  0.000  0.000  0.000  0.000  0.000  0.000  0.000
           0.000  0.000  0.000  0.000  0.000  0.000  0.000  0.000  0.000  0.000
           0.000  0.000  0.000  0.000  0.000  0.000  0.000  0.000  0.000  0.000
           0.000  0.000  0.000  0.000  0.000  0.000  0.000  0.000  0.000  0.000
           0.000  0.000  0.000  0.000  0.000  0.000  0.000  0.000  0.000  0.000
           0.000  0.000  0.000  0.000  0.000  0.000  0.000  0.000  0.000  0.000
           0.000
 3  0.00   0.000  0.000  0.000  0.000  0.000  0.000  0.000  0.000  0.000  0.000
           0.000  0.000  0.000  0.000  0.000  0.000  0.000  0.000  0.000  0.000
           0.000  0.000  0.000  0.000  0.000  0.000  0.000  0.000  0.000  0.000
           0.000  0.000  0.000  0.000  0.000  0.000  0.000  0.000  0.000  0.000
           0.000  0.000  0.000  0.000  0.000  0.000  0.000  0.000  0.000  0.000
           0.000  0.000  0.000  0.000  0.000  0.000  0.000  0.000  0.000  0.000
           0.000  0.000  0.000  0.000  0.000  0.000  0.000  0.000  0.000  0.000
           0.000  0.000  0.000  0.000  0.000  0.000  0.000  0.000  0.000  0.000
           0.000  0.000  0.000  0.000  0.000  0.000  0.000  0.000  0.000  0.000
           0.000
 4  0.00   0.000  0.000  0.000  0.000  0.000  0.000  0.000  0.000  0.000  0.000
           0.000  0.000  0.000  0.000  0.000  0.000  0.000  0.000  0.000  0.000
           0.000  0.000  0.000  0.000  0.000  0.000  0.000  0.000  0.000  0.000
           0.000  0.000  0.000  0.000  0.000  0.000  0.000  0.000  0.000  0.000
           0.000  0.000  0.000  0.000  0.000  0.000  0.000  0.000  0.000  0.000
           0.000  0.000  0.000  0.000  0.000  0.000  0.000  0.000  0.000  0.000
           0.000  0.000  0.000  0.000  0.000  0.000  0.000  0.000  0.000  0.000
           0.000  0.000  0.000  0.000  0.000  0.000  0.000  0.000  0.000  0.000
           0.000  0.000  0.000  0.000  0.000  0.000  0.000  0.000  0.000  0.000
           0.000
 5  0.00   0.000  0.000  0.000  0.000  0.000  0.000  0.000  0.000  0.000  0.000
           0.000  0.000  0.000  0.000  0.000  0.000  0.000  0.000  0.000  0.000
           0.000  0.000  0.000  0.000  0.000  0.000  0.000  0.000  0.000  0.000
           0.000  0.000  0.000  0.000  0.000  0.000  0.000  0.000  0.000  0.000
           0.000  0.000  0.000  0.000  0.000  0.000  0.000  0.000  0.000  0.000
           0.000  0.000  0.000  0.000  0.000  0.000  0.000  0.000  0.000  0.000
           0.000  0.000  0.000  0.000  0.000  0.000  0.000  0.000  0.000  0.000
           0.000  0.000  0.000  0.000  0.000  0.000  0.000  0.000  0.000  0.000
           0.000  0.000  0.000  0.000  0.000  0.000  0.000  0.000  0.000  0.000
           0.000
 6  0.00   0.000  0.000  0.000  0.000  0.000  0.000  0.000  0.000  0.000  0.000
           0.000  0.000  0.000  0.000  0.000  0.000  0.000  0.000  0.000  0.000
           0.000  0.000  0.000  0.000  0.000  0.000  0.000  0.000  0.000  0.000
           0.000  0.000  0.000  0.000  0.000  0.000  0.000  0.000  0.000  0.000
           0.000  0.000  0.000  0.000  0.000  0.000  0.000  0.000  0.000  0.000
           0.000  0.000  0.000  0.000  0.000  0.000  0.000  0.000  0.000  0.000
           0.000  0.000  0.000  0.000  0.000  0.000  0.000  0.000  0.000  0.000
           0.000  0.000  0.000  0.000  0.000  0.000  0.000  0.000  0.000  0.000
           0.000  0.000  0.000  0.000  0.000  0.000  0.000  0.000  0.000  0.000
           0.000
 7  0.00   0.000  0.000  0.000  0.000  0.000  0.000  0.000  0.000  0.000  0.000
           0.000  0.000  0.000  0.000  0.000  0.000  0.000  0.000  0.000  0.000
           0.000  0.000  0.000  0.000  0.000  0.000  0.000  0.000  0.000  0.000
           0.000  0.000  0.000  0.000  0.000  0.000  0.000  0.000  0.000  0.000
           0.000  0.000  0.000  0.000  0.000  0.000  0.000  0.000  0.000  0.000
           0.000  0.000  0.000  0.000  0.000  0.000  0.000  0.000  0.000  0.000
           0.000  0.000  0.000  0.000  0.000  0.000  0.000  0.000  0.000  0.000
           0.000  0.000  0.000  0.000  0.000  0.000  0.000  0.000  0.000  0.000
           0.000  0.000  0.000  0.000  0.000  0.000  0.000  0.000  0.000  0.000
           0.000
 8  0.00   0.000  0.000  0.000  0.000  0.000  0.000  0.000  0.000  0.000  0.000
           0.000  0.000  0.000  0.000  0.000  0.000  0.000  0.000  0.000  0.000
           0.000  0.000  0.000  0.000  0.000  0.000  0.000  0.000  0.000  0.000
           0.000  0.000  0.000  0.000  0.000  0.000  0.000  0.000  0.000  0.000
           0.000  0.000  0.000  0.000  0.000  0.000  0.000  0.000  0.000  0.000
           0.000  0.000  0.000  0.000  0.000  0.000  0.000  0.000  0.000  0.000
           0.000  0.000  0.000  0.000  0.000  0.000  0.000  0.000  0.000  0.000
           0.000  0.000  0.000  0.000  0.000  0.000  0.000  0.000  0.000  0.000
           0.000  0.000  0.000  0.000  0.000  0.000  0.000  0.000  0.000  0.000
           0.000
 9  0.00   0.000  0.000  0.000  0.000  0.000  0.000  0.000  0.000  0.000  0.000
           0.000  0.000  0.000  0.000  0.000  0.000  0.000  0.000  0.000  0.000
           0.000  0.000  0.000  0.000  0.000  0.000  0.000  0.000  0.000  0.000
           0.000  0.000  0.000  0.000  0.000  0.000  0.000  0.000  0.000  0.000
           0.000  0.000  0.000  0.000  0.000  0.000  0.000  0.000  0.000  0.000
           0.000  0.000  0.000  0.000  0.000  0.000  0.000  0.000  0.000  0.000
           0.000  0.000  0.000  0.000  0.000  0.000  0.000  0.000  0.000  0.000
           0.000  0.000  0.000  0.000  0.000  0.000  0.000  0.000  0.000  0.000
           0.000  0.000  0.000  0.000  0.000  0.000  0.000  0.000  0.000  0.000
           0.000
10  0.00   0.000  0.000  0.000  0.000  0.000  0.000  0.000  0.000  0.000  0.000
           0.000  0.000  0.000  0.000  0.000  0.000  0.000  0.000  0.000  0.000
           0.000  0.000  0.000  0.000  0.000  0.000  0.000  0.000  0.000  0.000
           0.000  0.000  0.000  0.000  0.000  0.000  0.000  0.000  0.000  0.000
           0.000  0.000  0.000  0.000  0.000  0.000  0.000  0.000  0.000  0.000
           0.000  0.000  0.000  0.000  0.000  0.000  0.000  0.000  0.000  0.000
           0.000  0.000  0.000  0.000  0.000  0.000  0.000  0.000  0.000  0.000
           0.000  0.000  0.000  0.000  0.000  0.000  0.000  0.000  0.000  0.000
           0.000  0.000  0.000  0.000  0.000  0.000  0.000  0.000  0.000  0.000
           0.000
11  0.00   0.000  0.000  0.000  0.000  0.000  0.000  0.000  0.000  0.000  0.000
           0.000  0.000  0.000  0.000  0.000  0.000  0.000  0.000  0.000  0.000
           0.000  0.000  0.000  0.000  0.000  0.000  0.000  0.000  0.000  0.000
           0.000  0.000  0.000  0.000  0.000  0.000  0.000  0.000  0.000  0.000
           0.000  0.000  0.000  0.000  0.000  0.000  0.000  0.000  0.000  0.000
           0.000  0.000  0.000  0.000  0.000  0.000  0.000  0.000  0.000  0.000
           0.000  0.000  0.000  0.000  0.000  0.000  0.000  0.000  0.000  0.000
           0.000  0.000  0.000  0.000  0.000  0.000  0.000  0.000  0.000  0.000
           0.000  0.000  0.000  0.000  0.000  0.000  0.000  0.000  0.000  0.000
           0.000
12  0.00   0.000  0.000  0.000  0.000  0.000  0.000  0.000  0.000  0.000  0.000
           0.000  0.000  0.000  0.000  0.000  0.000  0.000  0.000  0.000  0.000
           0.000  0.000  0.000  0.000  0.000  0.000  0.000  0.000  0.000  0.000
           0.000  0.000  0.000  0.000  0.000  0.000  0.000  0.000  0.000  0.000
           0.000  0.000  0.000  0.000  0.000  0.000  0.000  0.000  0.000  0.000
           0.000  0.000  0.000  0.000  0.000  0.000  0.000  0.000  0.000  0.000
           0.000  0.000  0.000  0.000  0.000  0.000  0.000  0.000  0.000  0.000
           0.000  0.000  0.000  0.000  0.000  0.000  0.000  0.000  0.000  0.000
           0.000  0.000  0.000  0.000  0.000  0.000  0.000  0.000  0.000  0.000
           0.000
13  0.00   0.000  0.000  0.000  0.000  0.000  0.000  0.000  0.000  0.000  0.000
           0.000  0.000  0.000  0.000  0.000  0.000  0.000  0.000  0.000  0.000
           0.000  0.000  0.000  0.000  0.000  0.000  0.000  0.000  0.000  0.000
           0.000  0.000  0.000  0.000  0.000  0.000  0.000  0.000  0.000  0.000
           0.000  0.000  0.000  0.000  0.000  0.000  0.000  0.000  0.000  0.000
           0.000  0.000  0.000  0.000  0.000  0.000  0.000  0.000  0.000  0.000
           0.000  0.000  0.000  0.000  0.000  0.000  0.000  0.000  0.000  0.000
           0.000  0.000  0.000  0.000  0.000  0.000  0.000  0.000  0.000  0.000
           0.000  0.000  0.000  0.000  0.000  0.000  0.000  0.000  0.000  0.000
           0.000
14  0.00   0.000  0.000  0.000  0.000  0.000  0.000  0.000  0.000  0.000  0.000
           0.000  0.000  0.000  0.000  0.000  0.000  0.000  0.000  0.000  0.000
           0.000  0.000  0.000  0.000  0.000  0.000  0.000  0.000  0.000  0.000
           0.000  0.000  0.000  0.000  0.000  0.000  0.000  0.000  0.000  0.000
           0.000  0.000  0.000  0.000  0.000  0.000  0.000  0.000  0.000  0.000
           0.000  0.000  0.000  0.000  0.000  0.000  0.000  0.000  0.000  0.000
           0.000  0.000  0.000  0.000  0.000  0.000  0.000  0.000  0.000  0.000
           0.000  0.000  0.000  0.000  0.000  0.000  0.000  0.000  0.000  0.000
           0.000  0.000  0.000  0.000  0.000  0.000  0.000  0.000  0.000  0.000
           0.000
15  0.00   0.000  0.000  0.000  0.000  0.000  0.000  0.000  0.000  0.000  0.000
           0.000  0.000  0.000  0.000  0.000  0.000  0.000  0.000  0.000  0.000
           0.000  0.000  0.000  0.000  0.000  0.000  0.000  0.000  0.000  0.000
           0.000  0.000  0.000  0.000  0.000  0.000  0.000  0.000  0.000  0.000
           0.000  0.000  0.000  0.000  0.000  0.000  0.000  0.000  0.000  0.000
           0.000  0.000  0.000  0.000  0.000  0.000  0.000  0.000  0.000  0.000
           0.000  0.000  0.000  0.000  0.000  0.000  0.000  0.000  0.000  0.000
           0.000  0.000  0.000  0.000  0.000  0.000  0.000  0.000  0.000  0.000
           0.000  0.000  0.000  0.000  0.000  0.000  0.000  0.000  0.000  0.000
           0.000
16  0.00   0.000  0.000  0.000  0.000  0.000  0.000  0.000  0.000  0.000  0.000
           0.000  0.000  0.000  0.000  0.000  0.000  0.000  0.000  0.000  0.000
           0.000  0.000  0.000  0.000  0.000  0.000  0.000  0.000  0.000  0.000
           0.000  0.000  0.000  0.000  0.000  0.000  0.000  0.000  0.000  0.000
           0.000  0.000  0.000  0.000  0.000  0.000  0.000  0.000  0.000  0.000
           0.000  0.000  0.000  0.000  0.000  0.000  0.000  0.000  0.000  0.000
           0.000  0.000  0.000  0.000  0.000  0.000  0.000  0.000  0.000  0.000
           0.000  0.000  0.000  0.000  0.000  0.000  0.000  0.000  0.000  0.000
           0.000  0.000  0.000  0.000  0.000  0.000  0.000  0.000  0.000  0.000
           0.000
17  0.00   0.000  0.000  0.000  0.000  0.000  0.000  0.000  0.000  0.000  0.000
           0.000  0.000  0.000  0.000  0.000  0.000  0.000  0.000  0.000  0.000
           0.000  0.000  0.000  0.000  0.000  0.000  0.000  0.000  0.000  0.000
           0.000  0.000  0.000  0.000  0.000  0.000  0.000  0.000  0.000  0.000
           0.000  0.000  0.000  0.000  0.000  0.000  0.000  0.000  0.000  0.000
           0.000  0.000  0.000  0.000  0.000  0.000  0.000  0.000  0.000  0.000
           0.000  0.000  0.000  0.000  0.000  0.000  0.000  0.000  0.000  0.000
           0.000  0.000  0.000  0.000  0.000  0.000  0.000  0.000  0.000  0.000
           0.000  0.000  0.000  0.000  0.000  0.000  0.000  0.000  0.000  0.000
           0.000
18  0.00   0.000  0.000  0.000  0.000  0.000  0.000  0.000  0.000  0.000  0.000
           0.000  0.000  0.000  0.000  0.000  0.000  0.000  0.000  0.000  0.000
           0.000  0.000  0.000  0.000  0.000  0.000  0.000  0.000  0.000  0.000
           0.000  0.000  0.000  0.000  0.000  0.000  0.000  0.000  0.000  0.000
           0.000  0.000  0.000  0.000  0.000  0.000  0.000  0.000  0.000  0.000
           0.000  0.000  0.000  0.000  0.000  0.000  0.000  0.000  0.000  0.000
           0.000  0.000  0.000  0.000  0.000  0.000  0.000  0.000  0.000  0.000
           0.000  0.000  0.000  0.000  0.000  0.000  0.000  0.000  0.000  0.000
           0.000  0.000  0.000  0.000  0.000  0.000  0.000  0.000  0.000  0.000
           0.000
19  0.00   0.000  0.000  0.000  0.000  0.000  0.000  0.000  0.000  0.000  0.000
           0.000  0.000  0.000  0.000  0.000  0.000  0.000  0.000  0.000  0.000
           0.000  0.000  0.000  0.000  0.000  0.000  0.000  0.000  0.000  0.000
           0.000  0.000  0.000  0.000  0.000  0.000  0.000  0.000  0.000  0.000
           0.000  0.000  0.000  0.000  0.000  0.000  0.000  0.000  0.000  0.000
           0.000  0.000  0.000  0.000  0.000  0.000  0.000  0.000  0.000  0.000
           0.000  0.000  0.000  0.000  0.000  0.000  0.000  0.000  0.000  0.000
           0.000  0.000  0.000  0.000  0.000  0.000  0.000  0.000  0.000  0.000
           0.000  0.000  0.000  0.000  0.000  0.000  0.000  0.000  0.000  0.000
           0.000
20  0.00   0.000  0.000  0.000  0.000  0.000  0.000  0.000  0.000  0.000  0.000
           0.000  0.000  0.000  0.000  0.000  0.000  0.000  0.000  0.000  0.000
           0.000  0.000  0.000  0.000  0.000  0.000  0.000  0.000  0.000  0.000
           0.000  0.000  0.000  0.000  0.000  0.000  0.000  0.000  0.000  0.000
           0.000  0.000  0.000  0.000  0.000  0.000  0.000  0.000  0.000  0.000
           0.000  0.000  0.000  0.000  0.000  0.000  0.000  0.000  0.000  0.000
           0.000  0.000  0.000  0.000  0.000  0.000  0.000  0.000  0.000  0.000
           0.000  0.000  0.000  0.000  0.000  0.000  0.000  0.000  0.000  0.000
           0.000  0.000  0.000  0.000  0.000  0.000  0.000  0.000  0.000  0.000
           0.000
21  0.00   0.000  0.000  0.000  0.000  0.000  0.000  0.000  0.000  0.000  0.000
           0.000  0.000  0.000  0.000  0.000  0.000  0.000  0.000  0.000  0.000
           0.000  0.000  0.000  0.000  0.000  0.000  0.000  0.000  0.000  0.000
           0.000  0.000  0.000  0.000  0.000  0.000  0.000  0.000  0.000  0.000
           0.000  0.000  0.000  0.000  0.000  0.000  0.000  0.000  0.000  0.000
           0.000  0.000  0.000  0.000  0.000  0.000  0.000  0.000  0.000  0.000
           0.000  0.000  0.000  0.000  0.000  0.000  0.000  0.000  0.000  0.000
           0.000  0.000  0.000  0.000  0.000  0.000  0.000  0.000  0.000  0.000
           0.000  0.000  0.000  0.000  0.000  0.000  0.000  0.000  0.000  0.000
           0.000
22  0.00   0.000  0.000  0.000  0.000  0.000  0.000  0.000  0.000  0.000  0.000
           0.000  0.000  0.000  0.000  0.000  0.000  0.000  0.000  0.000  0.000
           0.000  0.000  0.000  0.000  0.000  0.000  0.000  0.000  0.000  0.000
           0.000  0.000  0.000  0.000  0.000  0.000  0.000  0.000  0.000  0.000
           0.000  0.000  0.000  0.000  0.000  0.000  0.000  0.000  0.000  0.000
           0.000  0.000  0.000  0.000  0.000  0.000  0.000  0.000  0.000  0.000
           0.000  0.000  0.000  0.000  0.000  0.000  0.000  0.000  0.000  0.000
           0.000  0.000  0.000  0.000  0.000  0.000  0.000  0.000  0.000  0.000
           0.000  0.000  0.000  0.000  0.000  0.000  0.000  0.000  0.000  0.000
           0.000
23  0.00 -30.000 -8.528 -2.588  0.826  3.190  4.967  6.361  7.483  8.397  9.146
           9.757 10.252 10.644 10.944 11.160 11.298 11.362 11.356 11.281 11.139
          10.929 10.651 10.304  9.884  9.387  8.809  8.142  7.376  6.500  5.496
           4.343  3.014  1.472 -0.317 -2.355 -4.483 -6.051 -6.037 -4.587 -2.742
          -1.035  0.420  1.640  2.660  3.518  4.240  4.849  5.363  5.793  6.152
           6.448  6.688  6.878  7.023  7.127  7.194  7.227  7.229  7.203  7.150
           7.073  6.974  6.855  6.716  6.561  6.389  6.203  6.003  5.792  5.570
           5.338  5.097  4.850  4.595  4.336  4.072  3.804  3.534  3.262  2.989
           2.716  2.443  2.172  1.902  1.634  1.369  1.107  0.848  0.593  0.341
           0.093
24  0.00 -30.000 -8.258 -2.321  1.087  3.444  5.210  6.592  7.699  8.596  9.325
           9.914 10.383 10.747 11.015 11.195 11.294 11.314 11.259 11.130 10.926
          10.649 10.294  9.860  9.341  8.731  8.021  7.199  6.249  5.149  3.871
           2.375  0.614 -1.455 -3.782 -5.887 -6.481 -5.106 -3.050 -1.135  0.475
           1.805  2.905  3.820  4.584  5.224  5.758  6.203  6.570  6.869  7.108
           7.293  7.428  7.520  7.572  7.587  7.568  7.518  7.439  7.334  7.203
           7.051  6.877  6.683  6.472  6.244  6.001  5.745  5.476  5.196  4.907
           4.609  4.304  3.992  3.677  3.357  3.035  2.712  2.389  2.067  1.746
           1.429  1.116  0.807  0.504  0.206 -0.084 -0.367 -0.642 -0.909 -1.168
          -1.418
25  0.00 -30.000 -8.045 -2.112  1.291  3.639  5.395  6.764  7.856  8.735  9.443
          10.009 10.451 10.784 11.018 11.161 11.217 11.190 11.082 10.893 10.623
          10.269  9.829  9.295  8.662  7.917  7.047  6.032  4.845  3.449  1.790
          -0.194 -2.548 -5.101 -6.796 -6.081 -3.900 -1.706  0.133  1.632  2.855
           3.861  4.694  5.385  5.958  6.431  6.819  7.131  7.377  7.563  7.696
           7.780  7.821  7.820  7.782  7.709  7.604  7.469  7.306  7.117  6.904
           6.668  6.411  6.135  5.840  5.529  5.203  4.863  4.511  4.148  3.776
           3.396  3.010  2.618  2.223  1.827  1.430  1.034  0.641  0.252 -0.132
          -0.508 -0.877 -1.235 -1.584 -1.920 -2.244 -2.555 -2.852 -3.135 -3.404
          -3.657
26  0.00 -30.000 -7.863 -1.933  1.464  3.804  5.549  6.904  7.980  8.840  9.527
          10.068 10.482 10.783 10.981 11.083 11.094 11.016 10.850 10.596 10.252
           9.813  9.275  8.627  7.859  6.952  5.885  4.624  3.121  1.313 -0.887
          -3.519 -6.202 -7.136 -5.327 -2.816 -0.641  1.109  2.516  3.658  4.593
           5.361  5.994  6.514  6.936  7.273  7.536  7.733  7.871  7.954  7.988
           7.976  7.922  7.829  7.699  7.535  7.338  7.112  6.856  6.574  6.266
           5.934  5.580  5.205  4.810  4.397  3.968  3.523  3.065  2.595  2.115
           1.626  1.131  0.632  0.131 -0.371 -0.870 -1.364 -1.852 -2.331 -2.799
          -3.254 -3.694 -4.117 -4.522 -4.908 -5.273 -5.618 -5.941 -6.243 -6.522
          -6.780
27  0.00   0.000  0.000  0.000  0.000  0.000  0.000  0.000  0.000  0.000  0.000
           0.000  0.000  0.000  0.000  0.000  0.000  0.000  0.000  0.000  0.000
           0.000  0.000  0.000  0.000  0.000  0.000  0.000  0.000  0.000  0.000
           0.000  0.000  0.000  0.000  0.000  0.000  0.000  0.000  0.000  0.000
           0.000  0.000  0.000  0.000  0.000  0.000  0.000  0.000  0.000  0.000
           0.000  0.000  0.000  0.000  0.000  0.000  0.000  0.000  0.000  0.000
           0.000  0.000  0.000  0.000  0.000  0.000  0.000  0.000  0.000  0.000
           0.000  0.000  0.000  0.000  0.000  0.000  0.000  0.000  0.000  0.000
           0.000  0.000  0.000  0.000  0.000  0.000  0.000  0.000  0.000  0.000
           0.000
28  0.00   0.000  0.000  0.000  0.000  0.000  0.000  0.000  0.000  0.000  0.000
           0.000  0.000  0.000  0.000  0.000  0.000  0.000  0.000  0.000  0.000
           0.000  0.000  0.000  0.000  0.000  0.000  0.000  0.000  0.000  0.000
           0.000  0.000  0.000  0.000  0.000  0.000  0.000  0.000  0.000  0.000
           0.000  0.000  0.000  0.000  0.000  0.000  0.000  0.000  0.000  0.000
           0.000  0.000  0.000  0.000  0.000  0.000  0.000  0.000  0.000  0.000
           0.000  0.000  0.000  0.000  0.000  0.000  0.000  0.000  0.000  0.000
           0.000  0.000  0.000  0.000  0.000  0.000  0.000  0.000  0.000  0.000
           0.000  0.000  0.000  0.000  0.000  0.000  0.000  0.000  0.000  0.000
           0.000
29  0.00   0.000  0.000  0.000  0.000  0.000  0.000  0.000  0.000  0.000  0.000
           0.000  0.000  0.000  0.000  0.000  0.000  0.000  0.000  0.000  0.000
           0.000  0.000  0.000  0.000  0.000  0.000  0.000  0.000  0.000  0.000
           0.000  0.000  0.000  0.000  0.000  0.000  0.000  0.000  0.000  0.000
           0.000  0.000  0.000  0.000  0.000  0.000  0.000  0.000  0.000  0.000
           0.000  0.000  0.000  0.000  0.000  0.000  0.000  0.000  0.000  0.000
           0.000  0.000  0.000  0.000  0.000  0.000  0.000  0.000  0.000  0.000
           0.000  0.000  0.000  0.000  0.000  0.000  0.000  0.000  0.000  0.000
           0.000  0.000  0.000  0.000  0.000  0.000  0.000  0.000  0.000  0.000
           0.000
30  0.00   0.000  0.000  0.000  0.000  0.000  0.000  0.000  0.000  0.000  0.000
           0.000  0.000  0.000  0.000  0.000  0.000  0.000  0.000  0.000  0.000
           0.000  0.000  0.000  0.000  0.000  0.000  0.000  0.000  0.000  0.000
           0.000  0.000  0.000  0.000  0.000  0.000  0.000  0.000  0.000  0.000
           0.000  0.000  0.000  0.000  0.000  0.000  0.000  0.000  0.000  0.000
           0.000  0.000  0.000  0.000  0.000  0.000  0.000  0.000  0.000  0.000
           0.000  0.000  0.000  0.000  0.000  0.000  0.000  0.000  0.000  0.000
           0.000  0.000  0.000  0.000  0.000  0.000  0.000  0.000  0.000  0.000
           0.000  0.000  0.000  0.000  0.000  0.000  0.000  0.000  0.000  0.000
           0.000
