2-D P-to-P3-el Yagi @ 35 ft
  26.  30.   0.00   0.00   0.00000  14.20000
 1  0.00   0.000  0.000  0.000  0.000  0.000  0.000  0.000  0.000  0.000  0.000
           0.000  0.000  0.000  0.000  0.000  0.000  0.000  0.000  0.000  0.000
           0.000  0.000  0.000  0.000  0.000  0.000  0.000  0.000  0.000  0.000
           0.000  0.000  0.000  0.000  0.000  0.000  0.000  0.000  0.000  0.000
           0.000  0.000  0.000  0.000  0.000  0.000  0.000  0.000  0.000  0.000
           0.000  0.000  0.000  0.000  0.000  0.000  0.000  0.000  0.000  0.000
           0.000  0.000  0.000  0.000  0.000  0.000  0.000  0.000  0.000  0.000
           0.000  0.000  0.000  0.000  0.000  0.000  0.000  0.000  0.000  0.000
           0.000  0.000  0.000  0.000  0.000  0.000  0.000  0.000  0.000  0.000
           0.000
 2  0.00   0.000  0.000  0.000  0.000  0.000  0.000  0.000  0.000  0.000  0.000
           0.000  0.000  0.000  0.000  0.000  0.000  0.000  0.000  0.000  0.000
           0.000  0.000  0.000  0.000  0.000  0.000  0.000  0.000  0.000  0.000
           0.000  0.000  0.000  0.000  0.000  0.000  0.000  0.000  0.000  0.000
           0.000  0.000  0.000  0.000  0.000  0.000  0.000  0.000  0.000  0.000
           0.000  0.000  0.000  0.000  0.000  0.000  0.000  0.000  0.000  0.000
           0.000  0.000  0.000  0.000  0.000  0.000  0.000  0.000  0.000  0.000
           0.000  0.000  0.000  0.000  0.000  0.000  0.000  0.000  0.000  0.000
           0.000  0.000  0.000  0.000  0.000  0.000  0.000  0.000  0.000  0.000
           0.000
 3  0.00   0.000  0.000  0.000  0.000  0.000  0.000  0.000  0.000  0.000  0.000
           0.000  0.000  0.000  0.000  0.000  0.000  0.000  0.000  0.000  0.000
           0.000  0.000  0.000  0.000  0.000  0.000  0.000  0.000  0.000  0.000
           0.000  0.000  0.000  0.000  0.000  0.000  0.000  0.000  0.000  0.000
           0.000  0.000  0.000  0.000  0.000  0.000  0.000  0.000  0.000  0.000
           0.000  0.000  0.000  0.000  0.000  0.000  0.000  0.000  0.000  0.000
           0.000  0.000  0.000  0.000  0.000  0.000  0.000  0.000  0.000  0.000
           0.000  0.000  0.000  0.000  0.000  0.000  0.000  0.000  0.000  0.000
           0.000  0.000  0.000  0.000  0.000  0.000  0.000  0.000  0.000  0.000
           0.000
 4  0.00   0.000  0.000  0.000  0.000  0.000  0.000  0.000  0.000  0.000  0.000
           0.000  0.000  0.000  0.000  0.000  0.000  0.000  0.000  0.000  0.000
           0.000  0.000  0.000  0.000  0.000  0.000  0.000  0.000  0.000  0.000
           0.000  0.000  0.000  0.000  0.000  0.000  0.000  0.000  0.000  0.000
           0.000  0.000  0.000  0.000  0.000  0.000  0.000  0.000  0.000  0.000
           0.000  0.000  0.000  0.000  0.000  0.000  0.000  0.000  0.000  0.000
           0.000  0.000  0.000  0.000  0.000  0.000  0.000  0.000  0.000  0.000
           0.000  0.000  0.000  0.000  0.000  0.000  0.000  0.000  0.000  0.000
           0.000  0.000  0.000  0.000  0.000  0.000  0.000  0.000  0.000  0.000
           0.000
 5  0.00   0.000  0.000  0.000  0.000  0.000  0.000  0.000  0.000  0.000  0.000
           0.000  0.000  0.000  0.000  0.000  0.000  0.000  0.000  0.000  0.000
           0.000  0.000  0.000  0.000  0.000  0.000  0.000  0.000  0.000  0.000
           0.000  0.000  0.000  0.000  0.000  0.000  0.000  0.000  0.000  0.000
           0.000  0.000  0.000  0.000  0.000  0.000  0.000  0.000  0.000  0.000
           0.000  0.000  0.000  0.000  0.000  0.000  0.000  0.000  0.000  0.000
           0.000  0.000  0.000  0.000  0.000  0.000  0.000  0.000  0.000  0.000
           0.000  0.000  0.000  0.000  0.000  0.000  0.000  0.000  0.000  0.000
           0.000  0.000  0.000  0.000  0.000  0.000  0.000  0.000  0.000  0.000
           0.000
 6  0.00   0.000  0.000  0.000  0.000  0.000  0.000  0.000  0.000  0.000  0.000
           0.000  0.000  0.000  0.000  0.000  0.000  0.000  0.000  0.000  0.000
           0.000  0.000  0.000  0.000  0.000  0.000  0.000  0.000  0.000  0.000
           0.000  0.000  0.000  0.000  0.000  0.000  0.000  0.000  0.000  0.000
           0.000  0.000  0.000  0.000  0.000  0.000  0.000  0.000  0.000  0.000
           0.000  0.000  0.000  0.000  0.000  0.000  0.000  0.000  0.000  0.000
           0.000  0.000  0.000  0.000  0.000  0.000  0.000  0.000  0.000  0.000
           0.000  0.000  0.000  0.000  0.000  0.000  0.000  0.000  0.000  0.000
           0.000  0.000  0.000  0.000  0.000  0.000  0.000  0.000  0.000  0.000
           0.000
 7  0.00   0.000  0.000  0.000  0.000  0.000  0.000  0.000  0.000  0.000  0.000
           0.000  0.000  0.000  0.000  0.000  0.000  0.000  0.000  0.000  0.000
           0.000  0.000  0.000  0.000  0.000  0.000  0.000  0.000  0.000  0.000
           0.000  0.000  0.000  0.000  0.000  0.000  0.000  0.000  0.000  0.000
           0.000  0.000  0.000  0.000  0.000  0.000  0.000  0.000  0.000  0.000
           0.000  0.000  0.000  0.000  0.000  0.000  0.000  0.000  0.000  0.000
           0.000  0.000  0.000  0.000  0.000  0.000  0.000  0.000  0.000  0.000
           0.000  0.000  0.000  0.000  0.000  0.000  0.000  0.000  0.000  0.000
           0.000  0.000  0.000  0.000  0.000  0.000  0.000  0.000  0.000  0.000
           0.000
 8  0.00   0.000  0.000  0.000  0.000  0.000  0.000  0.000  0.000  0.000  0.000
           0.000  0.000  0.000  0.000  0.000  0.000  0.000  0.000  0.000  0.000
           0.000  0.000  0.000  0.000  0.000  0.000  0.000  0.000  0.000  0.000
           0.000  0.000  0.000  0.000  0.000  0.000  0.000  0.000  0.000  0.000
           0.000  0.000  0.000  0.000  0.000  0.000  0.000  0.000  0.000  0.000
           0.000  0.000  0.000  0.000  0.000  0.000  0.000  0.000  0.000  0.000
           0.000  0.000  0.000  0.000  0.000  0.000  0.000  0.000  0.000  0.000
           0.000  0.000  0.000  0.000  0.000  0.000  0.000  0.000  0.000  0.000
           0.000  0.000  0.000  0.000  0.000  0.000  0.000  0.000  0.000  0.000
           0.000
 9  0.00   0.000  0.000  0.000  0.000  0.000  0.000  0.000  0.000  0.000  0.000
           0.000  0.000  0.000  0.000  0.000  0.000  0.000  0.000  0.000  0.000
           0.000  0.000  0.000  0.000  0.000  0.000  0.000  0.000  0.000  0.000
           0.000  0.000  0.000  0.000  0.000  0.000  0.000  0.000  0.000  0.000
           0.000  0.000  0.000  0.000  0.000  0.000  0.000  0.000  0.000  0.000
           0.000  0.000  0.000  0.000  0.000  0.000  0.000  0.000  0.000  0.000
           0.000  0.000  0.000  0.000  0.000  0.000  0.000  0.000  0.000  0.000
           0.000  0.000  0.000  0.000  0.000  0.000  0.000  0.000  0.000  0.000
           0.000  0.000  0.000  0.000  0.000  0.000  0.000  0.000  0.000  0.000
           0.000
10  0.00   0.000  0.000  0.000  0.000  0.000  0.000  0.000  0.000  0.000  0.000
           0.000  0.000  0.000  0.000  0.000  0.000  0.000  0.000  0.000  0.000
           0.000  0.000  0.000  0.000  0.000  0.000  0.000  0.000  0.000  0.000
           0.000  0.000  0.000  0.000  0.000  0.000  0.000  0.000  0.000  0.000
           0.000  0.000  0.000  0.000  0.000  0.000  0.000  0.000  0.000  0.000
           0.000  0.000  0.000  0.000  0.000  0.000  0.000  0.000  0.000  0.000
           0.000  0.000  0.000  0.000  0.000  0.000  0.000  0.000  0.000  0.000
           0.000  0.000  0.000  0.000  0.000  0.000  0.000  0.000  0.000  0.000
           0.000  0.000  0.000  0.000  0.000  0.000  0.000  0.000  0.000  0.000
           0.000
11  0.00   0.000  0.000  0.000  0.000  0.000  0.000  0.000  0.000  0.000  0.000
           0.000  0.000  0.000  0.000  0.000  0.000  0.000  0.000  0.000  0.000
           0.000  0.000  0.000  0.000  0.000  0.000  0.000  0.000  0.000  0.000
           0.000  0.000  0.000  0.000  0.000  0.000  0.000  0.000  0.000  0.000
           0.000  0.000  0.000  0.000  0.000  0.000  0.000  0.000  0.000  0.000
           0.000  0.000  0.000  0.000  0.000  0.000  0.000  0.000  0.000  0.000
           0.000  0.000  0.000  0.000  0.000  0.000  0.000  0.000  0.000  0.000
           0.000  0.000  0.000  0.000  0.000  0.000  0.000  0.000  0.000  0.000
           0.000  0.000  0.000  0.000  0.000  0.000  0.000  0.000  0.000  0.000
           0.000
12  0.00   0.000  0.000  0.000  0.000  0.000  0.000  0.000  0.000  0.000  0.000
           0.000  0.000  0.000  0.000  0.000  0.000  0.000  0.000  0.000  0.000
           0.000  0.000  0.000  0.000  0.000  0.000  0.000  0.000  0.000  0.000
           0.000  0.000  0.000  0.000  0.000  0.000  0.000  0.000  0.000  0.000
           0.000  0.000  0.000  0.000  0.000  0.000  0.000  0.000  0.000  0.000
           0.000  0.000  0.000  0.000  0.000  0.000  0.000  0.000  0.000  0.000
           0.000  0.000  0.000  0.000  0.000  0.000  0.000  0.000  0.000  0.000
           0.000  0.000  0.000  0.000  0.000  0.000  0.000  0.000  0.000  0.000
           0.000  0.000  0.000  0.000  0.000  0.000  0.000  0.000  0.000  0.000
           0.000
13  0.00   0.000  0.000  0.000  0.000  0.000  0.000  0.000  0.000  0.000  0.000
           0.000  0.000  0.000  0.000  0.000  0.000  0.000  0.000  0.000  0.000
           0.000  0.000  0.000  0.000  0.000  0.000  0.000  0.000  0.000  0.000
           0.000  0.000  0.000  0.000  0.000  0.000  0.000  0.000  0.000  0.000
           0.000  0.000  0.000  0.000  0.000  0.000  0.000  0.000  0.000  0.000
           0.000  0.000  0.000  0.000  0.000  0.000  0.000  0.000  0.000  0.000
           0.000  0.000  0.000  0.000  0.000  0.000  0.000  0.000  0.000  0.000
           0.000  0.000  0.000  0.000  0.000  0.000  0.000  0.000  0.000  0.000
           0.000  0.000  0.000  0.000  0.000  0.000  0.000  0.000  0.000  0.000
           0.000
14  0.00   0.000  0.000  0.000  0.000  0.000  0.000  0.000  0.000  0.000  0.000
           0.000  0.000  0.000  0.000  0.000  0.000  0.000  0.000  0.000  0.000
           0.000  0.000  0.000  0.000  0.000  0.000  0.000  0.000  0.000  0.000
           0.000  0.000  0.000  0.000  0.000  0.000  0.000  0.000  0.000  0.000
           0.000  0.000  0.000  0.000  0.000  0.000  0.000  0.000  0.000  0.000
           0.000  0.000  0.000  0.000  0.000  0.000  0.000  0.000  0.000  0.000
           0.000  0.000  0.000  0.000  0.000  0.000  0.000  0.000  0.000  0.000
           0.000  0.000  0.000  0.000  0.000  0.000  0.000  0.000  0.000  0.000
           0.000  0.000  0.000  0.000  0.000  0.000  0.000  0.000  0.000  0.000
           0.000
15  0.00   0.000  0.000  0.000  0.000  0.000  0.000  0.000  0.000  0.000  0.000
           0.000  0.000  0.000  0.000  0.000  0.000  0.000  0.000  0.000  0.000
           0.000  0.000  0.000  0.000  0.000  0.000  0.000  0.000  0.000  0.000
           0.000  0.000  0.000  0.000  0.000  0.000  0.000  0.000  0.000  0.000
           0.000  0.000  0.000  0.000  0.000  0.000  0.000  0.000  0.000  0.000
           0.000  0.000  0.000  0.000  0.000  0.000  0.000  0.000  0.000  0.000
           0.000  0.000  0.000  0.000  0.000  0.000  0.000  0.000  0.000  0.000
           0.000  0.000  0.000  0.000  0.000  0.000  0.000  0.000  0.000  0.000
           0.000  0.000  0.000  0.000  0.000  0.000  0.000  0.000  0.000  0.000
           0.000
16  0.00   0.000  0.000  0.000  0.000  0.000  0.000  0.000  0.000  0.000  0.000
           0.000  0.000  0.000  0.000  0.000  0.000  0.000  0.000  0.000  0.000
           0.000  0.000  0.000  0.000  0.000  0.000  0.000  0.000  0.000  0.000
           0.000  0.000  0.000  0.000  0.000  0.000  0.000  0.000  0.000  0.000
           0.000  0.000  0.000  0.000  0.000  0.000  0.000  0.000  0.000  0.000
           0.000  0.000  0.000  0.000  0.000  0.000  0.000  0.000  0.000  0.000
           0.000  0.000  0.000  0.000  0.000  0.000  0.000  0.000  0.000  0.000
           0.000  0.000  0.000  0.000  0.000  0.000  0.000  0.000  0.000  0.000
           0.000  0.000  0.000  0.000  0.000  0.000  0.000  0.000  0.000  0.000
           0.000
17  0.00   0.000  0.000  0.000  0.000  0.000  0.000  0.000  0.000  0.000  0.000
           0.000  0.000  0.000  0.000  0.000  0.000  0.000  0.000  0.000  0.000
           0.000  0.000  0.000  0.000  0.000  0.000  0.000  0.000  0.000  0.000
           0.000  0.000  0.000  0.000  0.000  0.000  0.000  0.000  0.000  0.000
           0.000  0.000  0.000  0.000  0.000  0.000  0.000  0.000  0.000  0.000
           0.000  0.000  0.000  0.000  0.000  0.000  0.000  0.000  0.000  0.000
           0.000  0.000  0.000  0.000  0.000  0.000  0.000  0.000  0.000  0.000
           0.000  0.000  0.000  0.000  0.000  0.000  0.000  0.000  0.000  0.000
           0.000  0.000  0.000  0.000  0.000  0.000  0.000  0.000  0.000  0.000
           0.000
18  0.00   0.000  0.000  0.000  0.000  0.000  0.000  0.000  0.000  0.000  0.000
           0.000  0.000  0.000  0.000  0.000  0.000  0.000  0.000  0.000  0.000
           0.000  0.000  0.000  0.000  0.000  0.000  0.000  0.000  0.000  0.000
           0.000  0.000  0.000  0.000  0.000  0.000  0.000  0.000  0.000  0.000
           0.000  0.000  0.000  0.000  0.000  0.000  0.000  0.000  0.000  0.000
           0.000  0.000  0.000  0.000  0.000  0.000  0.000  0.000  0.000  0.000
           0.000  0.000  0.000  0.000  0.000  0.000  0.000  0.000  0.000  0.000
           0.000  0.000  0.000  0.000  0.000  0.000  0.000  0.000  0.000  0.000
           0.000  0.000  0.000  0.000  0.000  0.000  0.000  0.000  0.000  0.000
           0.000
19  0.00   0.000  0.000  0.000  0.000  0.000  0.000  0.000  0.000  0.000  0.000
           0.000  0.000  0.000  0.000  0.000  0.000  0.000  0.000  0.000  0.000
           0.000  0.000  0.000  0.000  0.000  0.000  0.000  0.000  0.000  0.000
           0.000  0.000  0.000  0.000  0.000  0.000  0.000  0.000  0.000  0.000
           0.000  0.000  0.000  0.000  0.000  0.000  0.000  0.000  0.000  0.000
           0.000  0.000  0.000  0.000  0.000  0.000  0.000  0.000  0.000  0.000
           0.000  0.000  0.000  0.000  0.000  0.000  0.000  0.000  0.000  0.000
           0.000  0.000  0.000  0.000  0.000  0.000  0.000  0.000  0.000  0.000
           0.000  0.000  0.000  0.000  0.000  0.000  0.000  0.000  0.000  0.000
           0.000
20  0.00   0.000  0.000  0.000  0.000  0.000  0.000  0.000  0.000  0.000  0.000
           0.000  0.000  0.000  0.000  0.000  0.000  0.000  0.000  0.000  0.000
           0.000  0.000  0.000  0.000  0.000  0.000  0.000  0.000  0.000  0.000
           0.000  0.000  0.000  0.000  0.000  0.000  0.000  0.000  0.000  0.000
           0.000  0.000  0.000  0.000  0.000  0.000  0.000  0.000  0.000  0.000
           0.000  0.000  0.000  0.000  0.000  0.000  0.000  0.000  0.000  0.000
           0.000  0.000  0.000  0.000  0.000  0.000  0.000  0.000  0.000  0.000
           0.000  0.000  0.000  0.000  0.000  0.000  0.000  0.000  0.000  0.000
           0.000  0.000  0.000  0.000  0.000  0.000  0.000  0.000  0.000  0.000
           0.000
21  0.00   0.000  0.000  0.000  0.000  0.000  0.000  0.000  0.000  0.000  0.000
           0.000  0.000  0.000  0.000  0.000  0.000  0.000  0.000  0.000  0.000
           0.000  0.000  0.000  0.000  0.000  0.000  0.000  0.000  0.000  0.000
           0.000  0.000  0.000  0.000  0.000  0.000  0.000  0.000  0.000  0.000
           0.000  0.000  0.000  0.000  0.000  0.000  0.000  0.000  0.000  0.000
           0.000  0.000  0.000  0.000  0.000  0.000  0.000  0.000  0.000  0.000
           0.000  0.000  0.000  0.000  0.000  0.000  0.000  0.000  0.000  0.000
           0.000  0.000  0.000  0.000  0.000  0.000  0.000  0.000  0.000  0.000
           0.000  0.000  0.000  0.000  0.000  0.000  0.000  0.000  0.000  0.000
           0.000
22  0.00   0.000  0.000  0.000  0.000  0.000  0.000  0.000  0.000  0.000  0.000
           0.000  0.000  0.000  0.000  0.000  0.000  0.000  0.000  0.000  0.000
           0.000  0.000  0.000  0.000  0.000  0.000  0.000  0.000  0.000  0.000
           0.000  0.000  0.000  0.000  0.000  0.000  0.000  0.000  0.000  0.000
           0.000  0.000  0.000  0.000  0.000  0.000  0.000  0.000  0.000  0.000
           0.000  0.000  0.000  0.000  0.000  0.000  0.000  0.000  0.000  0.000
           0.000  0.000  0.000  0.000  0.000  0.000  0.000  0.000  0.000  0.000
           0.000  0.000  0.000  0.000  0.000  0.000  0.000  0.000  0.000  0.000
           0.000  0.000  0.000  0.000  0.000  0.000  0.000  0.000  0.000  0.000
           0.000
23  0.00   0.000  0.000  0.000  0.000  0.000  0.000  0.000  0.000  0.000  0.000
           0.000  0.000  0.000  0.000  0.000  0.000  0.000  0.000  0.000  0.000
           0.000  0.000  0.000  0.000  0.000  0.000  0.000  0.000  0.000  0.000
           0.000  0.000  0.000  0.000  0.000  0.000  0.000  0.000  0.000  0.000
           0.000  0.000  0.000  0.000  0.000  0.000  0.000  0.000  0.000  0.000
           0.000  0.000  0.000  0.000  0.000  0.000  0.000  0.000  0.000  0.000
           0.000  0.000  0.000  0.000  0.000  0.000  0.000  0.000  0.000  0.000
           0.000  0.000  0.000  0.000  0.000  0.000  0.000  0.000  0.000  0.000
           0.000  0.000  0.000  0.000  0.000  0.000  0.000  0.000  0.000  0.000
           0.000
24  0.00   0.000  0.000  0.000  0.000  0.000  0.000  0.000  0.000  0.000  0.000
           0.000  0.000  0.000  0.000  0.000  0.000  0.000  0.000  0.000  0.000
           0.000  0.000  0.000  0.000  0.000  0.000  0.000  0.000  0.000  0.000
           0.000  0.000  0.000  0.000  0.000  0.000  0.000  0.000  0.000  0.000
           0.000  0.000  0.000  0.000  0.000  0.000  0.000  0.000  0.000  0.000
           0.000  0.000  0.000  0.000  0.000  0.000  0.000  0.000  0.000  0.000
           0.000  0.000  0.000  0.000  0.000  0.000  0.000  0.000  0.000  0.000
           0.000  0.000  0.000  0.000  0.000  0.000  0.000  0.000  0.000  0.000
           0.000  0.000  0.000  0.000  0.000  0.000  0.000  0.000  0.000  0.000
           0.000
25  0.00   0.000  0.000  0.000  0.000  0.000  0.000  0.000  0.000  0.000  0.000
           0.000  0.000  0.000  0.000  0.000  0.000  0.000  0.000  0.000  0.000
           0.000  0.000  0.000  0.000  0.000  0.000  0.000  0.000  0.000  0.000
           0.000  0.000  0.000  0.000  0.000  0.000  0.000  0.000  0.000  0.000
           0.000  0.000  0.000  0.000  0.000  0.000  0.000  0.000  0.000  0.000
           0.000  0.000  0.000  0.000  0.000  0.000  0.000  0.000  0.000  0.000
           0.000  0.000  0.000  0.000  0.000  0.000  0.000  0.000  0.000  0.000
           0.000  0.000  0.000  0.000  0.000  0.000  0.000  0.000  0.000  0.000
           0.000  0.000  0.000  0.000  0.000  0.000  0.000  0.000  0.000  0.000
           0.000
26  0.00 -30.000 -7.863 -1.933  1.464  3.804  5.549  6.904  7.980  8.840  9.527
          10.068 10.482 10.783 10.981 11.083 11.094 11.016 10.850 10.596 10.252
           9.813  9.275  8.627  7.859  6.952  5.885  4.624  3.121  1.313 -0.887
          -3.519 -6.202 -7.136 -5.327 -2.816 -0.641  1.109  2.516  3.658  4.593
           5.361  5.994  6.514  6.936  7.273  7.536  7.733  7.871  7.954  7.988
           7.976  7.922  7.829  7.699  7.535  7.338  7.112  6.856  6.574  6.266
           5.934  5.580  5.205  4.810  4.397  3.968  3.523  3.065  2.595  2.115
           1.626  1.131  0.632  0.131 -0.371 -0.870 -1.364 -1.852 -2.331 -2.799
          -3.254 -3.694 -4.117 -4.522 -4.908 -5.273 -5.618 -5.941 -6.243 -6.522
          -6.780
27  0.00 -30.000 -7.680 -1.754  1.637  3.968  5.702  7.043  8.102  8.943  9.606
          10.121 10.505 10.773 10.933 10.992 10.954 10.820 10.592 10.266  9.840
           9.306  8.655  7.874  6.945  5.840  4.521  2.933  0.995 -1.400 -4.296
          -7.023 -7.084 -4.571 -1.943  0.185  1.866  3.207  4.290  5.172  5.892
           6.478  6.953  7.331  7.624  7.843  7.994  8.085  8.119  8.102  8.038
           7.928  7.777  7.586  7.357  7.092  6.793  6.462  6.099  5.707  5.286
           4.837  4.362  3.863  3.339  2.794  2.228  1.644  1.042  0.427 -0.200
          -0.836 -1.477 -2.120 -2.759 -3.392 -4.012 -4.615 -5.196 -5.752 -6.279
          -6.776 -7.240 -7.672 -8.072 -8.444 -8.790 -9.112 -9.414 -9.698 -9.966
         -10.219
28  0.00 -30.000 -7.469 -1.547  1.837  4.159  5.881  7.209  8.250  9.070  9.710
          10.197 10.550 10.782 10.901 10.914 10.824 10.631 10.334  9.929  9.411
           8.768  7.988  7.050  5.925  4.569  2.921  0.883 -1.676 -4.814 -7.571
          -6.887 -3.946 -1.263  0.835  2.472  3.771  4.814  5.658  6.341  6.891
           7.328  7.668  7.922  8.100  8.208  8.253  8.239  8.171  8.051  7.883
           7.669  7.411  7.111  6.770  6.390  5.970  5.513  5.020  4.490  3.925
           3.325  2.692  2.026  1.330  0.604 -0.148 -0.922 -1.714 -2.516 -3.319
          -4.111 -4.879 -5.607 -6.277 -6.875 -7.390 -7.814 -8.151 -8.408 -8.601
          -8.743 -8.853 -8.946 -9.033 -9.125 -9.230 -9.355 -9.503 -9.676 -9.879
         -10.110
29  0.00 -30.000 -7.210 -1.292  2.086  4.399  6.108  7.421  8.444  9.242  9.857
          10.316 10.635 10.830 10.906 10.870 10.723 10.465 10.093  9.601  8.979
           8.213  7.281  6.153  4.784  3.103  1.003 -1.674 -5.025 -7.903 -6.717
          -3.483 -0.742  1.355  2.977  4.254  5.274  6.093  6.750  7.272  7.679
           7.986  8.205  8.344  8.411  8.411  8.349  8.228  8.051  7.821  7.541
           7.210  6.830  6.403  5.928  5.407  4.838  4.222  3.559  2.848  2.090
           1.285  0.435 -0.457 -1.385 -2.340 -3.305 -4.256 -5.157 -5.965 -6.632
          -7.120 -7.410 -7.515 -7.471 -7.324 -7.118 -6.889 -6.663 -6.456 -6.278
          -6.136 -6.031 -5.966 -5.939 -5.951 -6.001 -6.088 -6.211 -6.369 -6.563
          -6.792
30  0.00 -30.000 -6.897 -0.983  2.388  4.691  6.388  7.685  8.689  9.465 10.054
          10.482 10.768 10.922 10.953 10.864 10.656 10.328  9.874  9.284  8.545
           7.635  6.523  5.163  3.481  1.361 -1.377 -4.897 -8.062 -6.674 -3.190
          -0.356  1.774  3.406  4.683  5.695  6.501  7.141  7.643  8.025  8.305
           8.492  8.596  8.623  8.579  8.468  8.293  8.058  7.762  7.409  6.999
           6.531  6.006  5.423  4.781  4.078  3.313  2.485  1.591  0.633 -0.389
          -1.465 -2.579 -3.699 -4.768 -5.705 -6.410 -6.803 -6.868 -6.660 -6.276
          -5.807 -5.318 -4.849 -4.422 -4.046 -3.723 -3.454 -3.236 -3.066 -2.942
          -2.859 -2.816 -2.809 -2.837 -2.897 -2.989 -3.110 -3.260 -3.438 -3.643
          -3.876
